1658958619
1658958620
1658958621
1658958623
1658958624
1658958625
1658958626
1658958628
1658958629
1658958630
1658958631
1658958632
1658958634
1658958635
1658958636
1658958637
1658958638
1658958640
1658958641
1658958642
1658958643
1658958645
1658958646
1658958647
1658958649
1658958650
1658958651
1658958653
1658958654
1658958655
1658958656
1658958657
1658958659
1658958660
1658958661
1658958662
1658958664
1658958665
1658958666
1658958667
1658958669
1658958670
1658958671
1658958672
1658958674
1658958675
1658958676
1658958678
1658958679
1658958680
1658958681
1658958683
1658958684
1658958685
1658958686
1658958687
1658958689
1658958690
1658958691
1658958693
1658958694
1658958695
1658958697
1658958698
1658958699
1658958700
1658958702
1658958703
1658958704
1658958706
1658958707
1658958709
1658958711
1658958712
1658958713
1658958715
1658958716
1658958717
1658958718
1658958720
1658958721
1658958722
1658958723
1658958725
1658958726
1658958727
1658958728
1658958730
1658958731
1658958732
1658958734
1658958735
1658958736
1658958737
1658958739
1658958740
1658958741
1658958743
1658958744
1658958745
